{
  "advancedEditorSelectedIdentifier" : "ShaderGraphEditorPluginID",
  "openSceneRelativePaths" : [
    "Chatbot.usda",
    "Room1.usda"
  ],
  "recentIdentifiers" : {
    "3B5F2909-9A85-4341-B40E-D01125CAA809" : [

    ],
    "AF09ED6F-1707-48FD-8720-65B998362C09" : [

    ],
    "B2A257E5-0E51-45F8-891F-5F5B97C2A30F" : [

    ],
    "FE31BB63-366A-4297-9D0B-6BC6713E5955" : [

    ]
  },
  "sceneCameraHistory" : {
    "3B5F2909-9A85-4341-B40E-D01125CAA809" : [
      {
        "date" : 730486451.774173,
        "title" : "Untitled",
        "transform" : [
          0.99795395,
          -1.5965906e-10,
          0.06393646,
          0,
          0.03196822,
          0.8660254,
          -0.4989769,
          0,
          -0.055370595,
          0.49999994,
          0.86425346,
          0,
          14.259945,
          29.034595,
          31.934519,
          1
        ]
      },
      {
        "date" : 730405430.723958,
        "title" : "Untitled",
        "transform" : [
          0.99837637,
          -1.5965906e-10,
          0.056960724,
          0,
          0.028480358,
          0.8660254,
          -0.49918813,
          0,
          -0.049329437,
          0.49999994,
          0.8646193,
          0,
          13.051217,
          26.164663,
          28.687435,
          1
        ]
      },
      {
        "date" : 730405339.001151,
        "title" : "Untitled",
        "transform" : [
          0.99837637,
          -1.5965906e-10,
          0.056960724,
          0,
          0.028480358,
          0.8660254,
          -0.49918813,
          0,
          -0.049329437,
          0.49999994,
          0.8646193,
          0,
          42.141254,
          83.108696,
          89.496376,
          1
        ]
      },
      {
        "date" : 730405334.513692,
        "title" : "Untitled",
        "transform" : [
          0.99837637,
          -1.5965906e-10,
          0.056960724,
          0,
          0.028480358,
          0.8660254,
          -0.49918813,
          0,
          -0.049329437,
          0.49999994,
          0.8646193,
          0,
          17.189217,
          13.579336,
          38.882214,
          1
        ]
      },
      {
        "date" : 730387028.052308,
        "title" : "Untitled",
        "transform" : [
          0.99837637,
          -1.5965906e-10,
          0.056960724,
          0,
          0.028480358,
          0.8660254,
          -0.49918813,
          0,
          -0.049329437,
          0.49999994,
          0.8646193,
          0,
          26.757992,
          21.138588,
          60.526897,
          1
        ]
      },
      {
        "date" : 730387026.544128,
        "title" : "Untitled",
        "transform" : [
          0.99837637,
          -1.5965906e-10,
          0.056960724,
          0,
          0.028480358,
          0.8660254,
          -0.49918813,
          0,
          -0.049329437,
          0.49999994,
          0.8646193,
          0,
          15.2377205,
          35.480217,
          95.74742,
          1
        ]
      },
      {
        "date" : 730387020.31916,
        "title" : "Untitled",
        "transform" : [
          0.99837637,
          -1.5965906e-10,
          0.056960724,
          0,
          0.028480358,
          0.8660254,
          -0.49918813,
          0,
          -0.049329437,
          0.49999994,
          0.8646193,
          0,
          -4.8477874,
          44.065865,
          89.63648,
          1
        ]
      },
      {
        "date" : 730387013.742332,
        "title" : "Untitled",
        "transform" : [
          0.99837637,
          -1.5965906e-10,
          0.056960724,
          0,
          0.028480358,
          0.8660254,
          -0.49918813,
          0,
          -0.049329437,
          0.49999994,
          0.8646193,
          0,
          -0.011385603,
          0.103493884,
          0.21052188,
          1
        ]
      },
      {
        "date" : 730386721.373519,
        "title" : "Untitled",
        "transform" : [
          0.99837637,
          -1.5965906e-10,
          0.056960724,
          0,
          0.028480358,
          0.8660254,
          -0.49918813,
          0,
          -0.049329437,
          0.49999994,
          0.8646193,
          0,
          -0.007109523,
          0.06462479,
          0.13145638,
          1
        ]
      },
      {
        "date" : 730362305.514662,
        "title" : "Untitled",
        "transform" : [
          0.99837637,
          0,
          0.056960724,
          0,
          0.02848036,
          0.8660254,
          -0.49918815,
          0,
          -0.049329437,
          0.49999994,
          0.8646193,
          0,
          -1.1205205,
          10.05966,
          16.93959,
          1
        ]
      }
    ],
    "AF09ED6F-1707-48FD-8720-65B998362C09" : [
      {
        "date" : 730291630.835562,
        "title" : "Untitled",
        "transform" : [
          1,
          0,
          -0,
          0,
          -0,
          0.8660258,
          -0.4999994,
          0,
          0,
          0.4999994,
          0.8660258,
          0,
          0,
          3.64689,
          4.1992593,
          1
        ]
      }
    ],
    "B2A257E5-0E51-45F8-891F-5F5B97C2A30F" : [
      {
        "date" : 730487766.523679,
        "title" : "Untitled",
        "transform" : [
          1,
          0,
          0,
          0,
          0,
          0.7071069,
          -0.70710677,
          0,
          0,
          0.70710677,
          0.7071069,
          0,
          -0.008023962,
          1.5149475,
          1.0015934,
          1
        ]
      },
      {
        "date" : 730487758.595968,
        "title" : "Untitled",
        "transform" : [
          1,
          0,
          0,
          0,
          0,
          0.7071069,
          -0.70710677,
          0,
          0,
          0.70710677,
          0.7071069,
          0,
          -0.106450304,
          1.3381705,
          1.1783704,
          1
        ]
      },
      {
        "date" : 730487748.006018,
        "title" : "Untitled",
        "transform" : [
          1,
          0,
          0,
          0,
          0,
          0.7071069,
          -0.70710677,
          0,
          0,
          0.70710677,
          0.7071069,
          0,
          -0.15278077,
          2.0537417,
          2.1857166,
          1
        ]
      },
      {
        "date" : 730487718.620634,
        "title" : "Untitled",
        "transform" : [
          1,
          0,
          0,
          0,
          0,
          0.7071069,
          -0.70710677,
          0,
          0,
          0.70710677,
          0.7071069,
          0,
          -0.12583184,
          1.8219459,
          1.835635,
          1
        ]
      },
      {
        "date" : 730487600.32621,
        "title" : "Untitled",
        "transform" : [
          0.99999994,
          0,
          0,
          0,
          0,
          0.8660254,
          -0.49999988,
          0,
          0,
          0.49999988,
          0.8660254,
          0,
          0.014907336,
          0.051826507,
          0.82752705,
          1
        ]
      },
      {
        "date" : 730487591.566702,
        "title" : "Untitled",
        "transform" : [
          0.99999994,
          0,
          0,
          0,
          0,
          0.8660254,
          -0.49999988,
          0,
          0,
          0.49999988,
          0.8660254,
          0,
          0,
          0.37128636,
          0.6430869,
          1
        ]
      },
      {
        "date" : 730487534.792009,
        "title" : "Untitled",
        "transform" : [
          0.99999994,
          0,
          -0,
          0,
          -0,
          0.8660254,
          -0.49999988,
          0,
          0,
          0.49999988,
          0.8660254,
          0,
          0,
          0.21625844,
          0.37457064,
          1
        ]
      }
    ],
    "F94CA2DB-7D00-4F6B-B85F-50CBAF8168C6" : [
      {
        "date" : 730463156.0234,
        "title" : "Untitled",
        "transform" : [
          0.99999994,
          0,
          0,
          0,
          0,
          0.8660254,
          -0.49999988,
          0,
          0,
          0.49999988,
          0.8660254,
          0,
          0.12838346,
          0.08667913,
          0.48844674,
          1
        ]
      },
      {
        "date" : 730463154.78108,
        "title" : "Untitled",
        "transform" : [
          0.99999994,
          0,
          0,
          0,
          0,
          0.8660254,
          -0.49999988,
          0,
          0,
          0.49999988,
          0.8660254,
          0,
          0.071660094,
          0.052670386,
          0.50808173,
          1
        ]
      },
      {
        "date" : 730463145.751482,
        "title" : "Untitled",
        "transform" : [
          0.99999994,
          0,
          0,
          0,
          0,
          0.8660254,
          -0.49999988,
          0,
          0,
          0.49999988,
          0.8660254,
          0,
          -0.0027799981,
          0.10166719,
          0.19050121,
          1
        ]
      },
      {
        "date" : 730463141.75992,
        "title" : "Untitled",
        "transform" : [
          0.99999994,
          0,
          -0,
          0,
          -0,
          0.8660254,
          -0.49999988,
          0,
          0,
          0.49999988,
          0.8660254,
          0,
          0,
          0.21625844,
          0.37457064,
          1
        ]
      }
    ],
    "FE31BB63-366A-4297-9D0B-6BC6713E5955" : [
      {
        "date" : 730465731.522359,
        "title" : "Untitled",
        "transform" : [
          0.9915098,
          0,
          -0.13003233,
          0,
          -0.06501616,
          0.8660255,
          -0.49575478,
          0,
          0.11261131,
          0.49999994,
          0.8586727,
          0,
          406.21198,
          670.2751,
          727.40125,
          1
        ]
      },
      {
        "date" : 730465728.530947,
        "title" : "Untitled",
        "transform" : [
          0.9901157,
          0,
          -0.14025259,
          0,
          -0.070126295,
          0.8660255,
          -0.4950578,
          0,
          0.12146232,
          0.49999994,
          0.85746545,
          0,
          630.42126,
          336.83264,
          715.5567,
          1
        ]
      },
      {
        "date" : 730465707.293282,
        "title" : "Untitled",
        "transform" : [
          0.9901157,
          0,
          -0.14025259,
          0,
          -0.070126295,
          0.8660255,
          -0.4950578,
          0,
          0.12146232,
          0.49999994,
          0.85746545,
          0,
          557.4502,
          316.86926,
          737.5342,
          1
        ]
      },
      {
        "date" : 730465555.58355,
        "title" : "Untitled",
        "transform" : [
          0.9901157,
          0,
          -0.14025259,
          0,
          -0.070126295,
          0.8660255,
          -0.4950578,
          0,
          0.12146232,
          0.49999994,
          0.85746545,
          0,
          356.68927,
          320.4331,
          763.8943,
          1
        ]
      },
      {
        "date" : 730465532.29368,
        "title" : "Untitled",
        "transform" : [
          0.9901157,
          0,
          -0.14025259,
          0,
          -0.070126295,
          0.8660255,
          -0.4950578,
          0,
          0.12146232,
          0.49999994,
          0.85746545,
          0,
          174.74733,
          147.57375,
          890.46356,
          1
        ]
      },
      {
        "date" : 730465525.026165,
        "title" : "Untitled",
        "transform" : [
          0.9901157,
          0,
          -0.14025259,
          0,
          -0.070126295,
          0.8660255,
          -0.4950578,
          0,
          0.12146232,
          0.49999994,
          0.85746545,
          0,
          197.09692,
          164.20497,
          877.5998,
          1
        ]
      },
      {
        "date" : 730465516.876205,
        "title" : "Untitled",
        "transform" : [
          0.9901157,
          0,
          -0.14025259,
          0,
          -0.070126295,
          0.8660255,
          -0.4950578,
          0,
          0.12146232,
          0.49999994,
          0.85746545,
          0,
          348.55923,
          233.9291,
          815.4876,
          1
        ]
      },
      {
        "date" : 730465504.327722,
        "title" : "Untitled",
        "transform" : [
          0.9901157,
          0,
          -0.14025259,
          0,
          -0.070126295,
          0.8660255,
          -0.4950578,
          0,
          0.12146232,
          0.49999994,
          0.85746545,
          0,
          268.22647,
          135.1924,
          884.44165,
          1
        ]
      },
      {
        "date" : 730465497.901801,
        "title" : "Untitled",
        "transform" : [
          0.9901157,
          0,
          -0.14025259,
          0,
          -0.070126295,
          0.8660255,
          -0.4950578,
          0,
          0.12146232,
          0.49999994,
          0.85746545,
          0,
          235.81589,
          200.54848,
          850.92267,
          1
        ]
      },
      {
        "date" : 730465480.339418,
        "title" : "Untitled",
        "transform" : [
          0.9901157,
          0,
          -0.14025259,
          0,
          -0.070126295,
          0.8660255,
          -0.4950578,
          0,
          0.12146232,
          0.49999994,
          0.85746545,
          0,
          237.86932,
          220.7576,
          838.8476,
          1
        ]
      }
    ]
  },
  "selectedSceneRelativePath" : "Room1.usda"
}